    125.0000    304.6479     20.6819    -11.4000      0.0000
    375.0000    305.1141     20.3964    -10.2000      0.0000
    625.0000    305.3860     20.2731     -9.0000      0.0000
    875.0000    306.8239     18.7877     -7.8000      0.0000
   1125.0000    308.5275     17.0347     -6.6000      0.0000
   1375.0000    309.5287     15.6022     -5.4000      0.0000
   1625.0000    310.5743     13.7299     -4.2000      0.0000
   1875.0000    311.6198     12.0268     -3.0000      0.0000
   2125.0000    312.6653     10.4797     -1.8000      0.0000
   2375.0000    315.9263      7.0968     -0.6000      0.0000
   2625.0000    318.0570      3.4735      0.0000      0.0000
   2875.0000    318.1525      3.0803      0.0000      0.0000
   3125.0000    318.1967      3.0670      0.0000      0.0000
   3375.0000    318.2567      3.0420      0.0000      0.0000
   3625.0000    318.8793      2.4998      0.0000      0.0000
   3875.0000    319.3499      2.7677      0.0000      0.0000
   4125.0000    319.5365      3.6361      0.0000      0.0000
   4375.0000    319.7301      3.2793      0.0000      0.0000
   4625.0000    319.9236      2.9494      0.0000      0.0000
   4875.0000    320.1171      2.6453      0.0000      0.0000
   5125.0000    320.6426      2.1678      0.0000      0.0000
   5375.0000    321.1631      1.1393      0.0000      0.0000
   5625.0000    322.3887      0.4369      0.0000      0.0000
   5875.0000    323.9955      0.3299      0.0000      0.0000
   6125.0000    325.2401      0.2850      0.0000      0.0000
   6375.0000    326.4847      0.2451      0.0000      0.0000
   6625.0000    327.0425      0.2605      0.0000      0.0000
   6875.0000    327.1371      0.2941      0.0000      0.0000
   7125.0000    327.2316      0.3106      0.0000      0.0000
   7375.0000    327.6405      0.2744      0.0000      0.0000
   7625.0000    328.5746      0.2163      0.0000      0.0000
   7875.0000    329.5086      0.1675      0.0000      0.0000
   8125.0000    330.4204      0.1271      0.0000      0.0000
   8375.0000    330.6756      0.0977      0.0000      0.0000
   8625.0000    330.9308      0.0743      0.0000      0.0000
   8875.0000    331.2957      0.0545      0.0000      0.0000
   9125.0000    331.9445      0.0360      0.0000      0.0000
   9375.0000    332.6166      0.0220      0.0000      0.0000
   9625.0000    333.7447      0.0164      0.0000      0.0000
   9875.0000    334.8727      0.0117      0.0000      0.0000
  10125.0000    335.1667      0.0099      0.0000      0.0000
  10375.0000    335.3286      0.0086      0.0000      0.0000
  10625.0000    335.5449      0.0077      0.0000      0.0000
  10875.0000    336.1838      0.0083      0.0000      0.0000
  11125.0000    337.9985      0.0095      0.0000      0.0000
  11375.0000    338.8997      0.0101      0.0000      0.0000
  11625.0000    339.3063      0.0100      0.0000      0.0000
  11875.0000    340.9814      0.0094      0.0000      0.0000
  12125.0000    343.2890      0.0087      0.0000      0.0000
  12375.0000    345.1156      0.0082      0.0000      0.0000
  12625.0000    346.9422      0.0078      0.0000      0.0000
  12875.0000    348.4481      0.0072      0.0000      0.0000
  13125.0000    349.1391      0.0065      0.0000      0.0000
  13375.0000    350.3153      0.0060      0.0000      0.0000
  13625.0000    352.4328      0.0057      0.0000      0.0000
  13875.0000    355.6591      0.0055      0.0000      0.0000
  14125.0000    360.4237      0.0060      0.0000      0.0000
  14375.0000    365.5040      0.0067      0.0000      0.0000
  14625.0000    368.9660      0.0065      0.0000      0.0000
  14875.0000    375.2633      0.0068      0.0000      0.0000
  15125.0000    379.3365      0.0072      0.0000      0.0000
  15375.0000    382.8409      0.0074      0.0000      0.0000
  15625.0000    385.5697      0.0069      0.0000      0.0000
  15875.0000    387.3015      0.0056      0.0000      0.0000
  16125.0000    391.5308      0.0062      0.0000      0.0000
  16375.0000    397.1848      0.0064      0.0000      0.0000
  16625.0000    403.8026      0.0078      0.0000      0.0000
  16875.0000    406.6304      0.0069      0.0000      0.0000
  17125.0000    412.2134      0.0076      0.0000      0.0000
  17375.0000    417.7964      0.0084      0.0000      0.0000
  17625.0000    425.1744      0.0097      0.0000      0.0000
  17875.0000    432.2154      0.0109      0.0000      0.0000
  18125.0000    435.7713      0.0101      0.0000      0.0000
  18375.0000    439.4651      0.0094      0.0000      0.0000
  18625.0000    450.3867      0.0125      0.0000      0.0000
  18875.0000    457.6671      0.0139      0.0000      0.0000
  19125.0000    464.7398      0.0154      0.0000      0.0000
  19375.0000    470.2100      0.0152      0.0000      0.0000
  19625.0000    475.6802      0.0150      0.0000      0.0000
  19875.0000    481.4709      0.0151      0.0000      0.0000
